"V2" "V3" "V4" "V5" "V6" "V7" "V8" "V9" "V10" "V11" "V12" "V13" "V14" "V15" "V16" "V17" "V18" "V19" "V20" "V21"
"ERCC-00002" 1195 1011 1249 1051 1070 1314 1202 1458 1063 1314 1494 1122 1448 1277 1310 1245 1373 1277 1288 1090
"ERCC-00003" 83 70 108 75 76 93 81 110 89 75 114 64 98 127 98 96 96 97 80 80
"ERCC-00004" 597 486 571 504 495 609 544 731 513 629 718 521 702 679 683 552 684 649 649 552
"ERCC-00009" 58 55 86 59 64 79 69 78 48 71 80 65 85 77 79 56 78 77 74 54
"ERCC-00012" 0 0 0 0 0 0 0 0 0 0 0 0 0 0 0 0 0 0 0 0
"ERCC-00013" 0 0 0 0 0 0 0 0 0 0 0 0 0 0 0 0 0 0 0 0
"ERCC-00014" 0 0 0 0 0 0 0 0 0 0 0 0 0 0 0 0 0 1 0 0
"ERCC-00016" 0 0 0 0 0 0 0 0 0 0 0 0 0 0 0 0 0 0 0 0
"ERCC-00017" 0 0 0 0 0 0 0 0 0 0 0 0 0 0 0 0 0 0 0 0
"ERCC-00019" 2 2 3 2 5 3 4 2 0 3 4 3 3 2 1 2 2 3 2 1
"ERCC-00022" 13 4 8 11 18 20 12 22 10 10 13 10 26 17 22 15 16 15 16 15
"ERCC-00024" 0 0 0 0 0 0 0 0 0 0 0 0 0 0 0 0 0 1 0 0
"ERCC-00025" 4 4 5 7 4 8 1 4 5 3 5 5 4 6 5 11 2 2 4 2
"ERCC-00028" 0 0 1 0 0 0 0 0 1 0 1 0 3 1 0 0 0 0 0 0
"ERCC-00031" 0 0 0 0 1 0 0 0 0 1 0 0 0 0 0 0 0 0 0 0
"ERCC-00033" 0 0 1 0 0 0 0 0 0 0 0 0 1 0 0 0 0 0 0 1
"ERCC-00034" 1 0 0 3 3 1 0 0 1 1 7 1 3 2 1 1 3 1 1 0
"ERCC-00035" 7 8 7 6 2 11 2 7 3 5 8 3 2 2 5 5 1 6 7 6
"ERCC-00039" 1 1 0 0 0 0 1 0 0 0 0 0 0 0 0 1 0 0 0 0
"ERCC-00040" 0 0 0 0 0 0 0 0 0 0 0 0 0 0 0 0 0 0 0 0
"ERCC-00041" 0 0 2 0 0 0 0 0 0 0 0 0 0 0 0 0 0 0 0 0
"ERCC-00042" 48 38 58 41 46 42 46 61 47 44 59 30 62 43 53 45 40 70 55 49
"ERCC-00043" 47 48 58 55 73 74 39 70 47 54 70 61 65 74 60 48 57 61 56 51
"ERCC-00044" 9 1 8 7 2 7 5 9 7 9 9 7 3 6 11 5 6 5 8 3
"ERCC-00046" 329 257 327 299 290 347 281 400 277 360 428 296 366 376 337 310 356 357 339 322
"ERCC-00048" 0 0 0 0 0 0 0 0 0 0 0 0 0 0 0 0 0 0 0 0
"ERCC-00051" 3 2 4 2 4 5 6 3 6 2 3 3 6 5 9 3 3 7 8 1
"ERCC-00053" 2 2 2 5 0 4 2 2 4 3 4 0 2 1 1 2 1 3 1 3
"ERCC-00054" 0 0 0 2 3 1 1 3 0 0 0 2 0 0 0 1 1 0 0 1
"ERCC-00057" 0 0 0 0 1 0 0 0 0 0 0 0 0 0 0 0 0 0 0 0
"ERCC-00058" 0 0 0 0 0 0 0 2 0 0 0 0 0 0 0 1 0 0 0 0
"ERCC-00059" 0 0 0 2 1 0 0 0 1 0 1 0 1 2 3 0 0 0 1 1
"ERCC-00060" 63 61 60 81 66 66 77 85 70 67 78 82 67 80 88 72 60 84 65 61
"ERCC-00061" 0 0 0 0 0 0 0 0 0 0 0 0 0 0 0 0 0 0 0 0
"ERCC-00062" 9 4 6 4 5 6 4 15 4 9 10 2 11 2 6 2 5 7 4 5
"ERCC-00067" 1 1 0 0 0 0 0 0 0 0 0 0 0 0 0 0 0 0 0 0
"ERCC-00069" 0 0 0 0 0 2 0 0 0 0 0 0 0 0 0 0 1 1 0 0
"ERCC-00071" 4 2 8 6 6 5 1 8 8 6 6 5 11 3 9 2 4 6 2 1
"ERCC-00073" 0 0 0 0 0 0 0 0 0 0 0 0 0 0 0 0 0 0 0 1
"ERCC-00074" 1400 1242 1498 1177 1277 1573 1434 1750 1299 1482 1736 1339 1722 1638 1559 1433 1618 1539 1523 1282
"ERCC-00075" 0 0 0 0 0 0 0 0 0 0 0 0 0 0 0 0 0 0 0 0
"ERCC-00076" 15 17 12 12 14 12 17 14 12 19 14 7 18 19 17 9 12 13 17 20
"ERCC-00077" 1 0 0 2 1 0 0 0 2 1 0 0 0 1 1 1 0 0 0 0
"ERCC-00078" 1 3 2 2 2 3 1 1 0 1 4 5 2 0 1 1 3 1 1 1
"ERCC-00079" 6 7 2 4 6 2 6 2 5 3 5 3 6 5 6 3 6 3 6 3
"ERCC-00081" 0 0 0 0 0 0 0 0 0 0 0 0 0 0 0 0 0 0 0 0
"ERCC-00083" 0 0 0 0 0 0 0 0 0 0 0 0 0 0 0 0 0 0 0 0
"ERCC-00084" 4 1 3 0 1 1 1 3 2 2 1 1 1 2 1 4 1 6 0 1
"ERCC-00085" 3 0 0 0 2 1 0 0 1 1 1 0 0 1 0 2 2 1 1 1
"ERCC-00086" 0 0 0 0 0 0 0 0 0 0 0 0 0 0 0 0 0 0 0 0
"ERCC-00092" 25 13 22 16 15 13 16 26 15 18 20 19 10 32 17 26 28 25 19 11
"ERCC-00095" 20 8 16 8 13 20 6 14 10 11 12 13 16 17 14 14 9 14 12 13
"ERCC-00096" 1007 956 1090 907 937 1142 1052 1302 943 1062 1246 972 1228 1132 1155 964 1178 1117 1093 930
"ERCC-00097" 0 0 0 0 0 0 0 0 0 0 0 0 0 0 0 0 0 0 0 0
"ERCC-00098" 0 0 0 0 0 0 0 0 0 0 0 0 0 0 0 0 0 0 0 0
"ERCC-00099" 1 2 4 1 0 0 4 3 4 1 1 0 3 2 0 1 1 3 3 3
"ERCC-00104" 0 0 0 0 0 0 0 0 0 0 0 0 0 0 0 0 0 0 0 0
"ERCC-00108" 91 54 91 63 59 92 58 76 55 75 94 69 84 68 71 68 77 84 69 67
"ERCC-00109" 0 0 0 0 0 0 0 0 0 0 0 0 0 0 0 0 0 0 0 0
"ERCC-00111" 43 46 52 33 45 48 36 47 34 41 66 44 47 52 45 38 48 35 50 43
"ERCC-00112" 7 6 10 2 3 9 3 11 8 15 8 8 12 9 10 7 8 7 7 7
"ERCC-00113" 280 226 340 250 243 337 320 357 252 317 394 271 328 318 324 261 327 319 298 231
"ERCC-00116" 7 11 19 11 16 17 22 12 19 12 24 12 15 11 13 11 15 13 9 15
"ERCC-00117" 0 0 0 0 0 0 0 0 0 0 0 0 0 0 0 0 0 0 0 0
"ERCC-00120" 0 0 1 0 0 0 0 0 0 0 0 0 0 0 0 0 0 0 0 0
"ERCC-00123" 0 0 0 0 0 0 0 0 0 0 0 0 0 0 0 0 0 0 0 0
"ERCC-00126" 0 0 0 0 0 2 1 1 0 1 0 0 0 1 0 1 1 1 0 2
"ERCC-00130" 1397 1281 1467 1299 1284 1614 1412 1749 1308 1434 1788 1268 1656 1537 1457 1379 1593 1555 1484 1364
"ERCC-00131" 9 6 8 12 1 3 11 8 4 8 10 8 5 12 16 11 12 4 10 10
"ERCC-00134" 0 0 0 0 0 0 0 0 0 0 0 0 0 0 0 0 0 0 0 0
"ERCC-00136" 50 80 74 66 56 80 63 83 64 85 90 74 111 116 94 84 114 96 102 69
"ERCC-00137" 0 0 0 0 0 0 0 0 0 0 0 0 0 0 1 0 0 0 1 0
"ERCC-00138" 0 0 0 0 0 0 0 0 0 0 0 0 0 0 0 0 0 0 0 0
"ERCC-00142" 0 0 1 0 0 0 0 0 0 0 0 1 0 0 0 0 0 0 0 0
"ERCC-00143" 1 0 0 0 0 0 0 1 0 0 0 0 0 0 1 0 0 0 1 0
"ERCC-00144" 0 1 5 3 2 2 2 2 3 1 3 2 2 0 1 2 1 1 6 2
"ERCC-00145" 38 32 43 40 35 43 26 55 32 38 45 35 36 41 33 33 51 46 51 35
"ERCC-00147" 0 0 0 0 0 0 0 0 0 0 1 0 0 0 1 0 0 0 0 0
"ERCC-00148" 0 1 1 2 0 4 1 2 0 0 0 0 0 1 1 1 3 0 2 0
"ERCC-00150" 0 0 0 0 1 1 0 0 0 2 1 0 1 1 0 0 0 0 1 0
"ERCC-00154" 0 0 0 0 0 1 2 1 0 0 1 0 0 0 0 1 0 2 3 1
"ERCC-00156" 0 0 0 1 0 0 0 0 0 0 0 0 0 0 0 0 0 0 1 0
"ERCC-00157" 2 0 2 0 1 0 0 1 0 0 1 0 0 3 1 0 2 0 0 0
"ERCC-00158" 0 0 0 0 0 0 0 0 0 0 0 0 0 0 0 0 0 0 0 0
"ERCC-00160" 0 3 1 0 2 1 0 3 0 1 2 0 2 0 0 2 1 1 0 3
"ERCC-00162" 8 6 11 5 7 15 10 9 9 6 10 7 7 9 6 8 6 1 5 6
"ERCC-00163" 1 4 0 2 2 0 0 1 0 2 0 0 2 5 0 1 1 0 1 2
"ERCC-00164" 0 0 1 0 0 0 3 0 1 0 0 0 0 0 0 0 0 0 0 0
"ERCC-00165" 2 3 4 4 4 5 3 5 3 3 5 1 5 1 2 4 3 2 3 5
"ERCC-00168" 0 0 0 0 0 0 0 0 0 0 0 0 0 0 0 0 0 0 0 0
"ERCC-00170" 4 3 0 1 1 2 2 3 3 4 2 1 3 1 2 1 3 4 1 3
"ERCC-00171" 214 184 247 208 225 254 210 259 227 294 302 226 282 258 261 258 251 257 246 227
