ACAATGATTACA	TCATGACGTATA	CCATTCGAGTAT	ATTAGATGGAAA	CAATCCATAGTG	GAACACTTTTCT	GTAACTTCTATC	CAAGAGACTGCT	AACATAGCGATT	ACCAGTAGCTCG	TGATGGTCAATC	ATCTAAACTCCT	TAAGAGAGCATC	ATAAGACTTGAT	GGAGAATCAATT	GGGATCGTTAGA	GTAATTGCATTT	ATTTGTATGTCT	CCGCAATCGGGA	GTTACATCATTT	TGACTGAGAAAA	GGTGAAAGACTT	GAACTTCCAGTC	AATGCGTGCGAT	ATCAGGCCTCCC	CGTTCAATCCTT	CAGGGCTAGCAC	CGCATCTAAATA	TGCACGTTAAGC	TATTGATTAACC	AGTTTCCCGACA	ACCCACTGTGAA	ACTTCGCATATC	TAGGAGTCAGGC	TTTACCTCATTC	AGGAGCAGTCGT	AGTTGGGCTACA	GCCCGACGGCTT	ATGGCTGCGTCT	CAGGCAAGACAA	GTGTGCCGATAT	CCCGCGGCTATT	AAGTATGGTCCA	TTTACTCTTCAT	CGTAGACGCAGC	CGGAGCTTCGTT	TGAGTCGATCGC	TTCCCTGAGCTA	AGTGACGACGCA	ACGTTCTTTACC	ACCGCCGCGAGT	ATATAATTGATG	CATCCACCCGTT	TATAGTTTCTTA	TCAGGTTCCCAT	GTTCGAGGGATC	CAGTCCACGCGC	GTTGGAGGAAGT	AGATTGCCGTTT	CCCTGGGCTTCT	CCCGTACCGCCT	TGCGGTAGCTCA	ATTTGCACGTTA	GCTGGGGGCATC	ACGTTTTGACCA	CACCCTAGACCG	TAGTTCGCGCGG	CCTGTCGTCTCA	TATATGATTATT	AGTGGGTTTGAG	AGGGACAGCTCG	GGAACGCCGTGC	GTGGCGCTGATA	GGAGGCTCCTCC	ACCCACACAAGG	GGCGTCCGTTAG	CAGCGGTTACTC	CTACTGAAGCGG	GGGAGCTTGGTC	GTCTGGGGATAA	AAACCTACCCGC	GTACCATCTCGC	TATAGGGGTGAA	TTGTGGGGGAAT
ERCC-00002	2848	2390	2659	2276	2533	2374	2324	2429	2217	2391	2280	2078	2208	2039	1915	2292	1955	2097	2061	1914	1888	1932	2149	2014	2194	2119	1858	1957	2021	1888	2165	2086	1977	1947	1915	1964	1946	1917	1771	1630	1983	1905	1748	1728	1800	1699	1857	1931	1751	1644	1892	1706	1820	1604	1794	1598	1792	1751	1635	1691	1613	1546	1429	1567	1823	1624	1389	1380	1287	1411	1340	1370	1281	1422	1310	1312	1187	1137	1205	1149	1107	755	649	674
ERCC-00003	475	347	401	300	354	343	358	385	345	306	425	313	283	335	313	276	282	256	246	244	184	306	268	275	244	324	279	240	225	321	277	248	240	287	278	260	226	203	220	225	204	248	195	174	220	207	180	251	238	232	245	173	258	187	254	167	232	209	269	183	181	200	163	183	205	189	151	188	166	164	164	131	152	126	198	133	131	135	135	163	113	91	62	57
ERCC-00004	1286	987	1025	899	1134	962	1009	855	858	947	970	848	860	809	816	975	811	737	867	829	794	729	801	712	712	826	741	894	838	799	737	748	699	658	733	804	667	738	754	680	737	678	667	612	666	679	625	655	764	650	628	657	569	690	671	578	716	677	655	642	623	508	556	626	755	658	536	481	500	538	434	467	484	565	454	472	410	375	426	335	359	253	210	239
ERCC-00009	262	188	185	167	164	128	212	192	184	176	129	136	171	183	129	157	106	166	147	106	161	167	160	100	130	130	100	148	142	108	134	144	128	138	90	121	118	123	128	81	123	103	136	75	87	98	102	142	115	100	87	99	111	107	102	71	76	170	96	78	52	91	75	109	98	84	78	83	65	73	66	51	77	78	123	66	58	71	63	40	49	28	32	46
ERCC-00012	0	0	0	0	0	0	0	0	0	0	0	0	0	0	0	0	0	0	0	0	0	0	0	0	0	0	0	0	0	0	3	0	0	0	0	0	0	0	0	0	0	0	0	0	0	0	1	0	0	0	0	0	0	0	0	0	0	0	0	0	0	0	0	0	0	0	0	0	0	0	0	0	0	0	0	0	0	0	0	0	0	0	0	0
ERCC-00013	3	0	1	0	1	0	0	0	0	0	0	0	0	0	0	0	0	0	0	0	0	0	0	0	0	0	0	0	0	1	0	0	0	0	0	0	0	0	0	0	0	0	0	0	1	0	0	0	0	0	2	0	0	0	0	0	0	0	0	0	0	0	5	0	0	0	0	0	0	0	0	0	0	0	0	0	0	0	0	7	1	0	0	0
ERCC-00014	0	1	2	0	2	1	0	0	0	0	0	0	0	0	5	0	0	0	0	2	0	0	0	0	0	0	3	0	0	8	12	3	0	0	0	0	0	0	0	0	0	1	0	1	3	0	0	0	0	0	0	0	0	0	0	0	1	0	0	0	0	0	1	1	0	0	0	0	0	3	0	0	0	0	1	2	0	0	0	0	0	0	1	0
ERCC-00019	4	16	5	0	0	4	2	4	2	0	6	8	4	5	0	1	0	6	0	3	4	10	2	5	0	1	1	6	3	1	6	0	4	3	1	3	0	1	2	1	3	0	2	2	8	4	3	2	3	1	0	1	3	4	4	3	1	5	4	1	4	0	3	1	5	0	1	1	0	0	4	1	0	0	4	3	0	0	7	1	0	4	1	0
ERCC-00022	116	65	70	75	57	31	36	44	38	44	37	33	75	38	61	66	34	41	34	44	55	68	39	43	50	59	23	37	33	63	42	61	39	29	27	53	40	30	38	45	39	20	35	39	57	40	21	51	17	35	17	67	40	16	35	33	40	25	33	23	30	17	32	26	25	26	38	18	24	22	30	14	32	31	41	14	42	22	13	19	21	8	10	9
ERCC-00024	0	0	0	0	0	0	0	0	0	0	0	0	0	0	0	0	0	0	0	0	0	0	0	2	0	0	0	0	0	0	0	0	0	0	0	0	0	0	0	0	0	0	0	0	0	0	0	0	0	0	0	0	0	0	0	0	0	0	0	0	0	0	0	0	0	0	0	0	0	0	0	0	0	0	0	0	0	0	0	0	0	0	0	0
ERCC-00025	4	0	3	11	18	4	14	5	3	5	1	7	7	0	11	5	6	1	9	1	2	6	8	2	5	13	2	7	6	3	6	3	1	12	3	5	9	9	11	0	9	8	1	8	1	10	0	1	5	5	3	1	3	0	0	1	1	2	4	6	1	3	1	2	1	7	2	5	4	1	8	2	0	1	3	4	3	2	1	0	2	1	11	1
ERCC-00028	0	0	0	0	0	0	1	0	0	0	0	5	1	0	0	0	0	0	1	0	0	0	1	0	0	0	0	4	0	0	0	0	0	0	4	0	0	0	0	0	0	0	0	1	0	0	0	0	0	0	0	0	0	0	0	0	0	0	0	0	0	0	0	0	0	0	0	0	0	0	0	1	0	0	0	0	0	0	0	0	0	0	0	0
ERCC-00031	0	0	0	0	0	0	0	0	0	0	0	0	0	0	0	0	0	0	0	0	0	0	0	0	0	0	0	0	0	0	0	0	0	0	0	0	0	0	0	0	0	0	0	0	0	0	0	0	0	0	1	0	0	0	0	0	0	1	0	0	0	0	1	0	0	0	0	0	0	0	0	0	0	0	0	0	0	0	0	0	0	0	0	0
ERCC-00033	6	0	0	1	0	0	0	0	0	0	0	1	0	0	0	0	0	0	0	0	0	0	0	0	0	2	0	0	0	0	0	0	0	0	0	0	0	0	0	0	0	1	0	0	0	0	0	1	0	0	0	0	0	6	10	1	0	0	0	0	1	0	0	0	0	0	0	0	0	0	0	0	0	0	0	0	0	0	0	0	0	0	0	0
ERCC-00034	10	16	4	6	1	4	2	2	8	0	3	9	1	9	2	19	2	6	14	1	1	4	0	1	9	8	0	0	6	4	7	13	0	0	0	0	1	3	8	0	9	2	1	0	0	14	2	2	0	1	2	0	12	0	0	7	8	2	3	0	0	9	1	1	1	0	0	0	0	0	0	1	0	0	0	0	0	0	0	0	7	1	0	0
ERCC-00035	28	12	6	9	11	19	13	29	7	7	31	8	18	22	13	15	6	4	1	10	5	4	11	18	13	20	23	9	8	14	22	10	10	2	19	13	12	11	2	21	3	10	4	10	8	23	4	3	4	4	10	4	10	3	12	10	17	12	8	1	9	4	12	13	11	10	1	7	3	7	1	18	0	1	5	3	2	11	3	0	1	9	11	2
ERCC-00039	3	0	0	0	1	2	0	9	0	0	0	1	10	0	0	3	0	1	0	0	0	4	0	0	7	1	0	1	0	0	0	1	0	0	0	0	0	0	0	1	3	0	1	2	3	1	0	0	0	2	0	4	0	0	1	0	2	0	2	1	0	1	0	0	0	0	0	1	0	0	0	0	0	0	0	0	0	0	0	0	0	0	0	0
ERCC-00040	0	0	0	0	0	0	0	0	0	0	0	2	1	0	0	0	0	0	1	0	0	0	0	0	0	0	0	0	0	0	0	0	0	0	1	0	0	2	0	0	0	0	0	0	0	0	0	0	0	0	0	0	0	0	0	0	0	0	0	0	0	1	0	0	0	0	0	0	0	0	0	0	0	0	0	0	2	0	0	0	0	0	0	0
ERCC-00041	0	0	0	0	0	0	0	0	0	0	0	0	0	0	0	0	0	0	0	0	0	0	0	0	0	0	0	0	0	0	0	0	0	0	0	0	0	0	0	0	0	0	0	0	0	0	0	0	0	0	0	0	0	0	0	0	0	0	0	0	0	0	0	0	0	0	0	3	0	0	0	1	1	0	0	0	0	0	0	0	0	0	0	0
ERCC-00042	247	175	214	135	171	187	148	119	162	164	133	98	167	166	150	157	145	66	114	123	70	87	126	123	96	173	89	130	141	118	129	163	126	107	113	88	126	88	117	114	102	98	95	163	94	103	46	83	106	78	90	97	73	113	96	101	87	101	97	102	85	99	115	116	74	74	71	106	70	44	54	91	62	86	78	67	51	72	37	41	31	19	17	8
ERCC-00043	474	292	288	285	327	319	261	234	272	268	281	298	253	247	176	256	215	195	238	292	153	229	372	194	169	290	173	254	213	211	175	230	202	216	270	244	224	185	146	192	184	163	199	148	191	180	178	207	182	178	160	176	187	177	234	192	184	183	208	154	153	144	144	213	157	182	95	98	135	189	158	103	122	172	133	95	107	108	59	148	97	71	95	46
ERCC-00044	34	54	24	22	27	34	27	40	11	19	27	29	29	10	6	20	18	26	8	7	23	6	26	4	12	12	15	13	5	4	21	15	10	8	41	9	13	10	4	8	15	25	15	19	7	16	22	16	14	7	15	18	13	12	7	14	5	14	1	18	9	13	10	9	12	6	8	9	9	7	5	16	11	17	17	16	8	11	6	1	2	4	4	9
ERCC-00046	1538	1171	1225	1108	1329	1112	1205	999	1030	1185	1064	1048	1057	904	888	1086	925	927	897	943	927	917	965	887	988	963	878	954	841	926	955	970	843	887	1003	910	797	840	857	768	879	812	714	862	824	912	754	807	766	758	819	687	825	846	888	759	846	697	717	784	736	663	625	735	862	737	609	626	569	614	578	629	537	567	572	580	512	436	499	427	506	300	251	203
ERCC-00051	7	7	7	0	2	6	6	6	12	7	2	13	8	7	5	8	2	5	9	6	6	6	12	8	6	9	9	6	4	10	6	1	7	11	7	1	3	6	9	5	8	5	5	4	5	6	5	8	6	12	9	6	10	3	6	7	9	6	7	7	2	6	2	6	7	5	5	2	5	5	7	6	7	4	2	6	3	0	2	3	0	0	0	2
ERCC-00053	6	32	13	23	27	25	18	8	4	18	6	13	37	7	4	21	12	16	18	13	23	10	10	13	12	23	9	28	19	15	25	5	9	9	15	18	7	13	5	3	25	4	5	8	12	6	9	19	6	12	8	11	6	3	4	0	14	5	14	8	3	3	7	18	8	5	15	8	2	1	10	11	28	10	12	4	2	9	8	4	2	0	3	6
ERCC-00054	3	2	2	0	0	2	1	0	1	0	3	0	1	2	1	3	0	1	1	2	1	2	1	7	1	0	2	0	0	1	0	2	0	1	2	3	2	2	8	1	0	0	0	1	3	0	0	2	4	2	1	2	0	1	1	1	1	2	0	0	0	0	0	2	1	1	3	1	4	0	2	0	1	0	0	1	1	0	0	2	3	0	1	1
ERCC-00058	0	0	0	0	0	0	0	0	0	0	0	0	0	0	0	0	0	0	0	0	0	0	1	0	0	0	0	0	5	0	0	0	0	0	0	0	0	0	0	0	0	1	0	0	1	0	0	0	0	0	0	0	0	0	0	0	0	0	2	0	0	1	0	0	0	0	0	0	3	1	0	0	0	0	0	0	0	0	0	0	0	0	4	0
ERCC-00059	1	1	2	2	5	6	4	3	0	9	2	15	0	12	4	2	7	3	4	6	4	5	13	2	3	1	2	10	2	3	1	5	1	1	1	2	2	0	0	5	0	1	0	0	3	0	5	5	0	0	1	0	1	0	4	1	0	2	0	3	0	3	1	0	1	1	2	1	1	3	0	8	1	2	4	2	3	2	9	3	0	4	0	1
ERCC-00060	263	173	254	183	182	186	202	236	149	221	155	203	178	174	180	213	124	115	158	122	142	163	190	155	214	173	148	164	160	143	126	205	152	183	147	183	121	180	149	135	130	168	123	182	120	135	125	154	200	139	108	155	97	108	83	123	127	150	104	116	128	86	114	88	128	149	102	99	118	127	88	99	94	111	56	60	72	53	84	56	118	44	56	37
ERCC-00062	29	15	31	3	26	20	14	29	18	27	15	21	8	25	17	18	12	15	5	16	5	32	10	37	32	17	15	9	10	14	8	8	9	29	9	12	6	1	13	2	21	30	1	47	5	3	26	8	15	28	6	12	24	26	7	18	10	4	18	2	16	5	10	9	7	7	28	6	4	21	2	8	5	26	12	3	3	2	3	14	15	5	1	0
ERCC-00067	0	0	0	0	0	0	0	1	0	0	0	0	0	4	0	0	0	0	0	0	0	0	0	0	0	1	0	0	0	0	0	0	0	0	3	0	0	0	0	0	0	0	0	0	0	0	7	0	7	0	1	5	0	0	0	0	2	0	0	0	0	0	0	4	0	0	0	1	0	1	0	2	0	0	0	0	0	2	0	0	5	0	1	0
ERCC-00069	0	0	0	0	0	0	1	0	0	0	0	0	0	0	0	0	0	3	0	0	0	0	0	0	1	6	0	0	0	0	0	0	0	0	0	0	0	1	0	0	0	1	0	0	0	0	0	4	0	0	0	0	0	0	0	0	0	0	0	0	0	0	0	0	4	0	0	0	0	0	0	0	0	0	0	0	0	0	0	0	0	0	0	0
ERCC-00071	37	22	18	31	19	4	23	3	19	17	13	21	10	8	13	12	9	43	17	13	6	4	5	18	8	11	23	26	8	13	11	4	2	7	16	3	12	1	11	5	16	20	7	12	14	13	19	2	10	15	15	3	17	10	9	11	9	25	2	8	2	16	4	18	10	4	10	15	10	5	5	2	4	7	3	11	4	7	3	1	9	0	1	4
ERCC-00073	0	0	0	0	0	0	0	0	0	0	0	0	0	0	0	0	0	0	0	0	0	0	0	0	0	0	0	0	0	0	0	0	0	0	0	0	0	0	0	0	0	0	0	0	0	0	0	0	0	0	0	0	0	0	0	0	0	2	0	1	0	2	0	0	0	0	0	0	0	0	1	0	0	0	0	0	0	0	0	0	0	0	0	0
ERCC-00074	4274	3576	3633	3167	3591	3418	3553	3236	3266	3478	3372	2944	3157	3092	2860	3392	2901	3039	2838	2861	2957	2787	2939	2887	3011	3158	2806	2867	2956	2802	2976	2996	2742	2897	2874	2944	2762	2778	2808	2529	2836	2677	2415	2685	2615	2809	2580	2649	2741	2548	2707	2616	2668	2472	2632	2668	2659	2598	2551	2440	2452	2270	2070	2463	2844	2662	2250	2118	2244	2181	2010	2089	1981	2195	2073	1789	1764	1777	1989	1693	1857	1148	1137	1075
ERCC-00075	0	0	0	0	0	0	0	0	0	0	0	0	0	0	3	0	0	0	0	0	0	0	0	0	0	0	0	0	0	0	0	0	0	0	0	0	0	0	0	0	0	0	0	0	0	0	0	0	0	0	0	0	0	0	0	0	0	0	0	0	0	0	0	0	0	0	0	0	0	0	0	0	0	0	0	0	0	0	0	0	0	0	0	0
ERCC-00076	57	53	63	43	64	27	32	61	47	35	47	59	58	46	43	41	39	27	32	39	29	42	26	27	36	34	42	29	30	40	58	41	49	37	74	49	26	42	55	42	58	42	29	21	40	30	37	33	41	40	41	35	35	34	26	24	34	26	30	19	26	15	33	15	32	28	19	6	25	31	28	22	32	23	38	16	21	11	23	6	13	8	13	11
ERCC-00077	3	4	0	3	1	0	0	1	1	0	3	4	0	2	1	4	0	0	1	5	2	3	2	2	6	3	3	0	4	3	3	2	0	2	0	0	1	3	1	3	2	2	2	4	3	2	0	0	1	3	7	0	2	0	2	0	0	1	0	1	0	0	0	3	0	2	2	1	2	0	1	2	1	2	3	0	0	4	0	0	0	0	1	0
ERCC-00078	14	19	1	4	1	3	1	1	5	7	14	15	8	4	2	0	6	6	16	2	1	8	4	3	0	0	0	8	1	8	6	6	11	5	12	21	13	6	12	2	10	0	1	15	8	3	0	1	1	1	3	9	18	1	6	0	3	9	6	1	2	0	5	3	3	1	10	9	1	6	1	5	0	3	2	3	7	7	4	5	10	0	0	0
ERCC-00079	12	19	18	11	6	14	25	7	14	9	19	16	11	7	9	8	18	8	6	13	29	8	8	6	13	8	16	10	11	9	7	3	3	16	14	8	8	6	13	3	12	8	2	6	9	7	10	6	6	7	1	12	6	4	10	13	0	6	15	8	12	8	3	11	4	6	4	2	3	1	4	4	7	1	3	7	13	0	9	0	0	0	2	1
ERCC-00084	15	1	4	5	9	5	9	4	2	4	3	2	0	4	1	7	1	2	0	5	2	0	9	11	0	3	9	1	13	2	1	9	7	9	12	9	3	0	11	3	10	4	1	2	0	5	6	11	0	6	3	3	7	3	8	1	3	7	8	5	3	0	4	1	9	2	3	0	0	2	4	0	1	1	1	11	0	3	0	1	2	0	5	0
ERCC-00085	0	5	1	1	0	3	1	0	0	2	0	2	1	0	0	2	1	0	4	0	0	2	0	6	1	1	1	0	0	0	0	3	6	0	1	0	0	0	0	0	0	0	1	1	0	7	0	0	0	0	0	1	0	0	1	0	0	0	0	0	0	6	0	4	3	3	0	0	1	0	0	0	0	0	0	0	0	0	0	0	0	0	0	0
ERCC-00092	41	63	34	25	44	81	40	30	60	30	50	68	16	39	31	47	31	56	15	37	37	47	34	39	27	38	32	37	8	46	24	57	37	18	33	26	29	53	43	23	37	37	17	32	22	48	41	37	43	32	27	19	46	16	37	29	29	36	36	8	35	16	26	19	27	13	12	58	8	17	25	21	16	24	12	31	15	23	11	20	6	21	5	7
ERCC-00095	59	30	48	57	42	35	31	53	26	26	35	31	17	26	20	25	24	22	24	28	31	22	22	27	13	32	17	20	20	30	27	24	23	14	18	16	19	18	28	29	22	11	19	15	20	27	5	24	32	40	27	14	12	29	31	29	10	27	15	23	4	21	16	19	13	21	17	13	19	10	15	21	10	6	10	10	10	8	9	8	8	19	4	1
ERCC-00096	3079	2692	2716	2452	2671	2514	2653	2515	2383	2560	2452	2195	2497	2294	2047	2441	2097	2237	2025	1971	2127	2143	2145	2133	2185	2260	2102	2174	2208	2018	2225	2186	2087	2235	2055	2099	2071	1917	1974	1922	2076	1989	1924	1809	1822	1954	1953	1909	1982	1926	1828	1762	1879	1802	1937	1792	1925	1862	1831	1714	1802	1680	1555	1889	1973	1845	1473	1447	1409	1663	1416	1483	1413	1546	1558	1414	1339	1327	1233	1216	1178	690	814	765
ERCC-00097	6	0	0	0	0	0	0	0	0	0	0	0	0	1	0	3	1	0	0	0	0	1	1	0	0	0	0	0	0	0	0	0	0	0	0	0	0	0	0	0	0	0	1	0	1	0	0	0	0	1	0	0	1	0	0	0	0	0	0	0	1	1	0	0	0	0	0	1	0	0	1	0	0	0	0	0	0	0	0	0	0	0	0	0
ERCC-00099	3	1	1	8	1	3	0	3	6	0	3	11	8	0	1	1	0	6	6	0	0	1	6	0	0	1	10	11	0	8	2	0	11	0	3	3	3	1	0	1	1	1	7	1	0	5	0	0	1	1	0	0	0	0	0	0	2	3	2	0	0	0	0	0	1	0	0	1	0	0	1	3	6	0	0	5	0	0	1	7	0	0	0	2
ERCC-00104	2	0	0	0	0	0	0	0	0	0	0	0	0	0	0	0	1	0	0	0	0	0	0	0	0	0	0	0	0	0	0	0	0	0	0	0	0	0	0	0	0	0	0	0	0	0	0	0	0	0	0	0	0	0	2	0	0	0	0	0	0	0	0	0	0	0	0	0	0	0	0	0	0	0	0	0	0	0	0	0	0	0	0	0
ERCC-00108	220	178	164	220	162	127	160	104	158	166	124	111	121	155	134	131	116	131	121	113	97	129	137	121	124	147	163	129	158	120	111	114	149	103	140	161	110	109	98	107	106	95	107	122	86	122	83	106	138	128	96	104	114	114	137	78	74	106	109	108	89	87	89	92	115	90	49	71	71	82	60	83	81	113	55	45	82	61	73	51	42	11	60	28
ERCC-00109	0	0	0	0	0	0	0	0	0	0	0	0	0	0	0	0	0	0	0	0	0	0	0	0	0	0	0	0	0	0	0	0	0	0	0	0	0	0	0	0	0	0	2	0	0	0	0	0	0	0	0	0	0	0	0	0	0	0	0	0	0	0	0	0	0	0	0	0	0	0	0	0	0	0	0	0	0	0	0	0	3	0	0	0
ERCC-00111	122	110	137	114	89	98	96	101	91	83	87	70	65	79	62	64	55	75	96	89	45	68	113	83	64	63	82	89	93	73	79	69	80	76	75	105	86	62	43	45	92	84	43	60	87	91	39	72	54	61	62	68	62	53	51	33	50	55	70	49	62	79	32	55	64	43	46	57	57	54	20	48	42	55	49	35	37	27	32	40	28	21	25	20
ERCC-00112	61	33	25	37	25	16	32	16	21	22	14	34	23	21	38	25	8	20	5	24	14	19	38	12	51	13	26	29	15	14	10	20	9	38	18	15	37	36	16	35	27	21	13	10	11	24	19	17	22	6	21	9	29	20	35	29	12	14	16	25	17	8	18	16	16	5	5	6	14	4	24	13	13	8	13	8	2	2	10	3	3	1	5	3
ERCC-00113	894	607	691	700	688	632	561	587	559	603	579	451	493	483	462	591	428	455	491	414	464	456	488	480	492	498	511	491	462	481	516	461	484	507	404	523	477	580	410	429	446	501	425	382	440	428	364	391	430	339	359	414	388	509	467	314	381	399	430	326	371	352	385	383	384	372	327	356	299	353	279	346	318	319	395	330	297	255	243	219	245	121	91	136
ERCC-00116	29	12	23	15	26	22	22	24	9	28	26	31	17	24	21	16	27	18	24	17	12	7	22	20	24	16	12	11	13	14	7	23	11	14	7	40	8	22	4	19	10	7	15	27	21	9	8	13	18	11	36	13	10	18	14	6	5	12	5	28	8	15	11	17	5	11	2	10	8	8	6	8	4	8	7	19	9	2	0	3	9	1	4	11
ERCC-00120	0	0	0	0	0	3	0	1	0	0	0	0	0	0	0	0	0	0	0	0	0	0	0	0	0	0	1	0	0	0	0	0	2	0	0	0	0	0	0	0	0	0	0	0	0	0	1	0	0	0	0	0	0	0	0	0	0	0	0	0	0	0	0	0	0	0	0	2	0	5	0	0	0	0	0	0	0	0	0	0	0	0	0	0
ERCC-00126	3	0	0	0	2	6	1	1	5	0	2	0	13	0	0	0	0	7	1	2	1	0	0	0	0	9	0	0	0	0	3	3	0	2	0	8	0	0	6	0	0	0	0	0	0	5	0	6	1	1	0	0	0	0	0	0	1	0	0	0	1	0	5	1	0	0	0	1	0	0	0	0	3	0	0	7	0	0	0	0	1	0	6	0
ERCC-00130	3068	2395	2743	2435	2629	2560	2413	2444	2329	2457	2520	2145	2328	2115	2021	2351	1915	2225	1922	1864	1881	1942	1997	2116	2162	2259	1978	2126	1982	1884	2153	1951	1874	2139	2081	2128	1948	1887	1943	1676	1939	1877	1692	1623	1845	1877	1659	1953	1829	1736	1747	1718	1872	1820	1831	1804	1706	1712	1830	1645	1742	1724	1520	1684	1792	1678	1378	1460	1222	1555	1411	1332	1346	1601	1361	1329	1134	1092	1252	1037	1234	654	779	701
ERCC-00131	27	36	15	19	21	21	24	18	19	24	15	12	21	15	6	7	16	3	11	19	16	20	5	16	14	19	7	20	9	6	15	9	6	3	9	21	12	19	8	8	12	21	11	14	6	12	4	15	11	9	15	14	8	2	13	9	23	11	13	3	6	10	7	19	20	23	8	4	1	5	1	9	9	3	14	2	13	1	5	7	1	2	1	1
ERCC-00134	6	0	2	4	3	1	1	3	1	3	2	0	0	0	0	4	0	0	0	1	4	0	0	0	1	1	1	0	3	3	0	1	0	4	0	0	7	2	5	2	4	2	0	0	0	0	0	2	2	1	0	5	4	0	0	0	0	9	1	2	0	0	3	0	0	0	0	0	0	1	0	2	0	1	0	0	0	0	0	0	0	0	0	1
ERCC-00136	449	424	435	367	387	338	305	361	303	348	354	310	288	254	308	297	250	268	281	256	256	316	291	258	284	321	203	301	283	198	239	215	220	243	281	298	258	216	191	229	294	190	205	203	257	194	257	251	221	249	209	243	261	210	233	180	223	234	210	244	203	205	150	218	229	248	135	139	124	164	123	153	133	192	179	164	154	98	128	112	136	42	96	58
ERCC-00137	0	0	0	0	0	0	0	0	0	0	2	0	0	0	0	0	0	0	0	0	0	0	0	0	0	1	0	0	0	0	0	0	0	0	0	0	0	0	0	0	0	0	0	0	0	0	0	0	0	0	0	0	0	0	0	0	0	0	0	0	0	0	0	0	0	0	0	0	0	0	0	0	0	0	0	0	0	0	0	0	0	0	0	0
ERCC-00138	1	2	0	0	0	1	1	0	0	0	0	0	0	0	0	1	0	0	0	0	1	0	0	0	0	0	0	0	4	0	0	0	0	0	0	0	0	0	0	0	0	0	0	0	0	0	0	0	0	0	0	0	0	0	0	0	0	0	0	0	0	0	0	0	1	0	0	0	0	0	2	0	0	0	0	0	0	0	0	0	0	0	0	0
ERCC-00143	5	4	0	1	0	0	0	0	0	5	0	0	3	0	0	0	0	0	7	1	0	1	9	0	1	0	0	0	0	2	0	0	0	13	0	0	0	0	4	5	1	0	0	2	0	0	1	0	0	0	0	0	1	1	1	1	0	1	0	0	0	0	0	0	1	0	0	0	0	0	0	0	0	0	0	1	1	0	0	1	0	0	1	0
ERCC-00144	2	0	11	2	1	1	1	11	1	5	2	2	10	2	7	3	7	0	0	8	3	4	11	0	7	9	3	1	6	0	0	1	6	2	1	1	4	4	0	0	3	3	5	12	4	0	1	5	0	2	0	3	2	3	1	1	0	0	10	0	1	1	1	2	5	9	2	0	6	0	0	1	0	2	0	0	0	2	0	4	0	0	0	0
ERCC-00145	229	146	153	138	183	134	121	82	106	114	137	90	122	62	104	149	89	100	122	88	101	75	96	105	86	99	88	95	119	82	103	87	82	100	97	88	120	107	99	104	65	81	81	83	83	68	40	59	71	62	46	48	102	100	53	62	76	94	65	80	56	93	73	65	72	79	61	62	49	73	80	80	53	29	31	55	45	42	57	34	44	24	21	37
ERCC-00147	1	0	0	0	2	0	0	2	0	0	0	0	0	0	0	0	0	15	0	0	0	0	0	0	0	1	0	0	0	0	0	1	0	0	7	0	0	0	0	0	0	0	0	0	0	0	0	0	0	0	0	9	0	0	0	0	0	0	0	0	1	0	0	0	0	0	0	4	0	0	0	0	0	0	0	0	0	0	0	0	0	0	0	0
ERCC-00148	4	3	2	0	1	3	1	2	0	0	1	3	4	0	0	8	1	1	2	1	5	4	5	0	2	1	4	5	5	5	0	0	2	0	3	1	0	3	1	0	3	0	0	1	1	8	2	6	0	4	7	1	5	0	3	0	5	1	0	3	1	1	2	2	0	0	0	1	0	1	0	0	2	1	0	0	0	0	0	0	0	5	0	0
ERCC-00150	2	6	0	1	0	2	2	0	2	0	0	1	4	0	0	2	1	0	4	0	6	0	3	0	1	0	4	0	0	3	0	0	0	0	0	1	0	0	0	0	0	0	0	3	0	0	5	0	0	0	0	2	0	0	0	0	0	0	0	3	1	0	0	0	4	1	0	0	1	0	0	0	1	0	0	0	0	0	0	0	0	0	0	0
ERCC-00154	1	7	0	1	1	0	1	3	0	3	1	0	0	0	2	6	0	0	0	0	5	0	2	2	0	5	0	4	1	0	0	1	0	1	0	5	1	2	7	0	0	0	0	0	1	0	0	0	0	4	0	3	0	0	0	0	0	1	0	1	0	0	0	0	0	0	0	4	1	0	1	0	0	0	0	0	0	0	0	0	0	0	0	0
ERCC-00156	3	0	0	0	0	0	0	0	0	0	0	0	0	0	0	0	0	0	0	0	0	0	0	0	0	0	0	0	0	0	0	0	0	0	0	0	0	0	0	0	0	0	0	0	0	0	0	0	0	0	0	0	0	0	0	0	0	0	0	0	0	0	0	0	0	0	0	0	0	0	0	0	0	0	0	0	0	0	0	0	0	0	0	0
ERCC-00157	0	1	11	4	5	0	1	4	0	1	5	1	0	2	1	7	0	0	0	0	1	0	1	0	1	1	0	0	0	0	1	3	0	0	11	0	0	0	0	0	0	2	1	0	4	0	0	3	0	0	0	0	1	4	0	9	2	3	0	0	1	2	5	0	4	6	0	0	3	3	1	0	0	0	1	6	0	0	0	3	0	0	1	0
ERCC-00158	0	0	0	0	0	0	0	2	1	1	0	0	5	0	0	0	1	5	0	1	0	0	0	0	0	0	0	0	0	0	0	0	0	0	0	0	0	0	0	0	0	0	0	0	0	0	0	0	0	0	0	0	0	0	0	0	0	0	0	0	0	0	0	0	0	0	0	0	0	0	0	0	0	0	0	0	0	0	0	0	0	0	0	0
ERCC-00160	7	4	2	2	1	2	0	12	3	10	8	4	9	3	1	4	8	6	8	5	3	2	15	0	1	3	0	2	8	0	0	2	20	7	6	5	2	1	2	11	1	9	1	5	5	9	5	1	7	1	1	5	7	3	3	1	5	0	5	4	2	0	3	4	7	7	2	8	0	0	1	0	6	4	6	3	0	1	0	9	0	0	1	9
ERCC-00162	12	21	25	35	29	29	13	6	16	25	20	19	12	25	22	37	29	21	13	7	16	12	23	12	15	18	19	20	25	17	16	29	29	14	28	18	14	5	9	14	10	13	6	13	9	11	36	8	25	10	29	10	20	7	6	12	21	9	7	4	14	10	20	17	8	18	11	22	6	19	13	9	9	2	17	19	11	8	5	13	9	7	5	1
ERCC-00163	5	3	0	6	3	5	10	1	0	0	2	3	1	2	0	0	0	0	2	2	1	0	1	2	0	3	1	8	1	3	5	1	3	0	3	7	5	2	0	5	2	3	0	0	1	0	1	4	1	1	1	4	1	1	3	0	0	0	2	4	5	2	3	1	3	3	4	0	1	0	0	0	0	3	5	0	9	0	1	1	3	0	0	0
ERCC-00164	0	0	0	0	0	1	0	0	0	0	0	0	0	0	0	0	0	0	0	0	0	0	0	0	0	9	7	0	0	0	0	0	0	0	0	0	0	0	0	0	0	0	0	0	0	0	0	0	0	0	0	0	0	0	0	0	0	0	0	0	0	0	0	0	0	0	0	0	0	0	0	0	0	0	0	0	0	0	0	0	0	0	0	0
ERCC-00165	21	16	7	17	1	9	3	8	9	13	4	4	15	3	14	17	5	16	0	10	10	5	12	7	4	20	10	31	1	13	9	18	17	4	6	13	4	10	8	2	15	15	6	22	6	13	1	14	18	11	20	25	8	8	3	14	2	15	13	8	7	14	8	6	15	15	7	1	7	3	7	2	9	6	13	2	1	2	0	5	0	1	1	5
ERCC-00168	2	0	0	7	0	0	0	0	6	0	0	0	0	0	0	1	0	8	1	0	0	0	0	1	0	0	0	0	5	0	0	0	1	0	1	1	0	0	0	0	0	0	0	0	0	0	0	0	2	0	0	0	0	0	0	0	0	0	0	0	0	0	0	0	0	0	0	0	0	0	0	0	0	0	0	0	0	0	0	0	0	0	0	0
ERCC-00170	5	1	0	0	0	4	8	1	5	0	10	4	1	1	1	1	5	0	7	0	1	2	0	2	2	0	1	3	0	4	7	2	0	0	1	1	0	2	0	1	2	0	0	2	0	0	0	0	9	1	1	1	0	0	18	0	16	1	0	0	9	0	0	3	1	0	0	0	0	1	10	0	0	3	8	0	1	1	0	0	2	0	2	0
ERCC-00171	699	499	525	497	559	477	553	455	430	498	550	368	489	465	429	483	382	384	387	391	458	403	487	417	429	431	411	400	349	390	421	336	375	397	380	377	420	438	326	310	398	402	373	394	304	337	389	360	363	287	377	394	347	369	317	296	346	316	354	314	346	292	256	308	317	337	246	245	282	262	242	249	263	296	280	222	252	192	253	172	203	125	132	119
